[gd_scene load_steps=7 format=3 uid="uid://vlrx5i75og6o"]

[ext_resource type="Script" path="res://UnitMove.gd" id="1"]
[ext_resource type="Script" path="res://Game.gd" id="1_xnqlr"]

[sub_resource type="CapsuleShape3D" id="CapsuleShape3D_nbl0s"]

[sub_resource type="CapsuleMesh" id="1"]

[sub_resource type="StandardMaterial3D" id="StandardMaterial3D_g4xtx"]
albedo_color = Color(0, 0.662745, 1, 1)

[sub_resource type="BoxMesh" id="BoxMesh_qsluq"]

[node name="Map" type="Node3D"]
script = ExtResource("1_xnqlr")

[node name="Unit" type="CharacterBody3D" parent="."]
transform = Transform3D(1, 0, 0, 0, 1, 0, 0, 0, 1, -0.108059, 2.04218, -5.18581)
script = ExtResource("1")
metadata/_edit_group_ = true

[node name="CollisionShape3D" type="CollisionShape3D" parent="Unit"]
transform = Transform3D(1, 0, 0, 0, 1, 0, 0, 0, 1, 0, -0.00501406, 0)
shape = SubResource("CapsuleShape3D_nbl0s")

[node name="MeshInstance3D" type="MeshInstance3D" parent="Unit"]
transform = Transform3D(0.964833, -0.262863, -2.74512e-15, 0.262863, 0.964833, 1.02986e-14, 3.88578e-16, -7.10543e-15, 1, 0, -0.0065881, 0)
mesh = SubResource("1")
surface_material_override/0 = SubResource("StandardMaterial3D_g4xtx")

[node name="MeshInstance3D2" type="MeshInstance3D" parent="Unit"]
transform = Transform3D(0.823041, 0, 0, 0, 0.216469, 0, 0, 0, 0.63875, -0.454875, 0.746327, 0)
mesh = SubResource("BoxMesh_qsluq")

[node name="Terrain" type="CSGBox3D" parent="."]
transform = Transform3D(1, 0, 0, 0, 1, 0, 0, 0, 1, 0, -0.913052, 0)
size = Vector3(124, 3.2321, 54)

[node name="DirectionalLight3D" type="DirectionalLight3D" parent="."]
transform = Transform3D(0.866025, 0.433013, 0.25, 0.12941, -0.677077, 0.724444, 0.482963, -0.595035, -0.642402, 0, 7, -6)
shadow_enabled = true

[node name="Camera3D" type="Camera3D" parent="."]
transform = Transform3D(-1, 8.74228e-08, -1.96331e-15, 3.19539e-08, 0.36551, 0.930807, 8.13737e-08, 0.930807, -0.36551, 0, 62.7081, -18.3169)
fov = 27.8
